==================================================
   Closing Database:  simlab_db
==================================================
[-0.4382334   0.41644695 -0.63825698  0.33372046 -0.44847814  0.40139003
 -0.23947365  0.00754756  0.00282833  0.04305806 -0.1331524  -0.54882786
  0.1492351  -0.25727203 -0.04040502 -0.09670667 -0.72874938  0.05581424
  0.09551609 -0.74457582 -0.06118098 -0.07406082  0.17836491 -0.16930683
  0.06076105 -0.51873138  0.03048584 -0.30253133 -0.04070803  0.04651598
 -0.12649778  0.30280853  0.21229159  0.16983951 -0.18109845 -0.07141879
  0.22340906  0.20297652  0.34076729  0.15571879  0.57447573  0.12637799
  0.32631114  0.42685706  0.23707275  0.02872462  0.31063211  0.29036628
 -0.06342363  0.01385283  0.56425673 -0.05234667  0.49735649 -0.48140627
  0.28155198 -0.23731397 -0.18011231 -0.14759243  0.27434383  0.64538639
 -0.33344036  0.0662408  -0.31233241 -0.09606268  0.16603177 -0.19486843
 -0.4355102   0.24833197 -0.04682808 -0.16041809 -0.49248541 -0.10831136]
